"V1"
1.02711211640862
2.06717613539579
-1.09247330178946
0.66923066208389
-0.375179685821553
-0.564138537997106
0.799560020698429
-1.26784762466665
0.651985678858118
1.27935121422442
-0.489420113260085
0.313150443945964
-0.0124198710343264
-1.54869026005355
0.505489787229663
0.594326671873164
-0.524699333397495
-0.708851961019785
-0.456669817362924
0.287925479341805
0.64624730237295
1.24358087484473
-1.00868303410152
-0.262726944380144
0.224846135398399
-0.192585850587424
-0.550888324358365
0.367090923443014
-0.649328125792715
-0.349214852329513
-1.34224103143886
0.104825089147766
-1.0897524844237
-1.07085577277341
1.17592959647893
0.289047314601667
-0.0990547217107521
-1.8449562063676
-1.11551307550291
0.742699573603773
-0.136836604479507
-2.86477415153138
-0.0998914025427736
1.05640475108377
0.235755653458118
-0.739114854956054
-0.580953731186982
-0.372347532634718
0.706055180979871
0.378603430662325
1.39741471653278
-0.397304578973795
-0.640202764112247
1.55456124885074
1.48013167814205
-0.0186563896826462
1.38988242297833
0.171091776193952
-0.0765278845253266
0.296594759296948
-0.770477189979462
-0.134774404172215
0.99383364620129
1.15104335261473
0.46505792754907
-1.22827849452085
-0.812049751965422
-0.147680578092944
-0.846568369400255
0.43100935713206
-0.066994901442392
0.375993396052048
-0.557812964179161
0.101171806114855
-0.10895986828304
0.447316921189963
0.559786500277229
0.486620876820733
-0.162691446864459
-0.770584293380204
0.187311593496725
0.400082925836645
-0.211972858826006
-0.651934940174486
-1.43846218769733
-1.20047746381619
-0.522703346442961
-1.32605007988209
-0.68837668219838
-0.374736063666886
1.24742034173825
-0.492388678524902
-0.347993176312998
0.278735887558998
-0.298325803948445
-0.56464039364431
0.322657222463904
0.0205510428146004
-0.801551458567368
0.0647421187666843
-0.825581970370623
0.0326591835637751
1.68037775158497
-0.302614417258951
0.00657741748503013
0.566108497611278
-0.233567997927003
0.462338152059477
-1.18174126012601
1.96566004557579
1.20876597985967
-0.480252483658716
-1.37103039744143
0.130166219834355
-0.788390088149753
-0.0631064021926424
0.232109870414088
1.2527394942746
0.569681214369546
-0.89488397285458
-0.0202693506020962
-3.39074794365747
0.543673165223784
-0.844407603020919
0.176503831405716
-0.236170798534461
0.478584349921441
0.319694536087907
1.89969724454104
0.0624547454078072
1.40998808946933
-0.296280458014685
0.502387758482451
-2.69720808721242
-0.0245182232231362
-0.856440618259439
-0.72907020049197
0.135921691806612
-1.41267140874433
-0.387022337829892
-0.629331772714409
1.41103039723675
-1.60765717039191
0.628025518768804
-2.44194568521614
1.80633060395427
-0.0771803222761803
2.26677968820704
-0.396489395573978
-0.886963500342219
0.282276447068064
1.02117558926901
0.111735123803453
0.666536217047936
-0.932371966818921
-0.0273924982506852
1.28331422794157
-0.0336042437750493
0.930821173601957
0.142169783345864
0.719082615045589
0.804155661636691
-0.278369337434573
-1.01086447200027
2.18042515617732
0.615492972030779
-0.130270619609649
-1.12724734507038
0.0160132276379313
-0.678951194039108
-1.1495882839934
-0.0475001357060459
-0.619897896562906
-0.965142496919867
1.15986009464334
-0.0557498232126137
-1.63057232774673
-1.90394879356244
1.06857206972253
0.235699057915126
0.427846795915178
0.0476163799086988
0.688255717777278
0.3141128643877
-0.565835708557148
-0.811283056981759
-1.2819021273805
-0.145303831606964
-0.198120654399587
-1.18843203363251
-0.416738278613812
0.490276747743862
1.59170106571265
0.948824410381111
-0.949042488945573
-0.0533389008454784
2.25525123427769
0.578317821004966
-2.02889453599359
1.78866110498698
-0.671291002665278
1.20816142478242
-1.57023406661308
0.588119285486332
2.94399947219961
-0.893803055685848
0.758551693650041
1.44504683693027
0.208659188793319
1.61701695100052
0.0715698415409312
0.382178868227772
0.993832863805898
-0.844924213408711
0.181729851474359
-0.229254989096221
1.47184614426867
0.78838069021964
-0.0692289814389362
-1.55254333227472
-0.0612440715557246
-0.155422920122649
0.782447686612817
-0.3778974674981
-0.783445461086169
1.3227056960228
0.00815937011904877
1.84053961545918
0.118408301893045
-0.0319278614723432
-0.471842789226456
0.893471661443707
-0.634276908676636
0.811827051845199
-0.210997573608257
-0.501752491758075
-0.291733806563299
-2.20665077478563
-0.228649035023864
-0.830905553794987
0.56551422969155
0.0239752509033281
-0.783302276881886
1.86794499703877
1.1596759455984
-0.723554136156001
1.12092154701176
-1.17703195706359
1.10578638730087
-0.254306040596404
1.56974722503762
2.10221893767952
-0.140120281263354
-1.36267268931605
1.09243367023502
-0.562724911853501
1.05462756705409
0.776156462811673
0.28622234183635
0.046076007420338
-0.884098637775496
0.343117000508077
-0.120316894190119
1.45608016927766
-1.37003483717939
0.960181675372083
1.05922424257447
1.38406868317885
0.112580129242759
-0.844130709257255
1.23926780976864
0.24737835973661
-0.728847879485691
-2.50171369210606
1.54546229407653
-1.08108026635377
-0.461545307431962
-0.745498287355785
0.332448594735339
0.58530017404743
1.00228685769208
-0.00302897179315295
0.134622896523738
1.18377542688952
-0.129566460613266
-1.08939143437271
0.924798014529909
-0.345919721486861
-0.102490316569128
-1.16217350612527
-0.971944811924548
0.824853943828401
1.18542658378008
0.0471932279780619
0.194396528475658
1.2928284133711
1.49646315219991
-0.335212828459415
-1.45317737974769
-0.996960123664291
0.423029286057131
0.199800856288662
1.22872508473109
0.398853341253715
0.0854622984074888
0.937756917089104
-0.530802923115604
2.1326188333458
0.466491299405588
-0.832392460388458
0.533706466942516
0.644684559847847
2.05393682085246
-1.20640216282621
-1.2046272530964
0.349723170076952
0.171808890624753
1.03017411584835
0.369894182406264
-0.876685956038194
1.29928861554966
1.72393247358695
-0.530657006730878
0.329946690963441
-0.535071998866805
-1.32362596688143
-0.80990058326668
1.33249093374341
1.20420251987999
0.23286739511847
1.30688416381007
0.606392161671325
0.248884089417201
-0.950118249516217
1.35290891508132
0.205502680585397
0.433391969768474
-0.549745558901185
-0.733488030107324
-0.575700196608743
0.820115422492347
-0.0287681492784301
1.92754371822106
-1.38668848134428
0.320313770557415
-0.808711330065509
1.00679903548978
0.769098277443241
-0.0465604840509657
0.878429881946058
0.803041252016801
0.570109260942098
-1.36757731662554
2.2445855001772
0.2664646866527
-0.980671878314361
0.663988802935149
-0.401684963649525
-1.19543731763856
0.233224025520454
1.0362312131891
0.819813411486224
0.21060969022271
-0.981192736915773
0.710597417289995
-0.64035246821255
-2.23570570982999
0.577375595698888
0.400306577719574
-0.336485128346301
-0.393386356521491
0.532819748078147
0.350450553553469
0.88549398051499
2.19891460330165
-0.913739192367829
1.07218822134836
2.91774325571666
-1.27578483534324
1.5187114154866
0.109804618495794
-0.777492325335254
-0.956363600139208
1.56509703748606
-0.393207918208838
1.32128811754769
0.963137406640314
-0.278498947033743
0.317863123861384
1.22311223353044
-0.0584089825500105
-1.11647146204052
0.329046521795683
-0.21199675377805
0.603711638567701
0.888041437010032
-0.525034479295888
0.0478279165107405
-1.12710037474812
1.19295693441123
0.67955628695091
0.0921321869545876
0.535555511215565
-0.187355200278553
-1.23028146263334
0.444664073039471
-0.170551733013123
-0.135839029018957
-0.252331397812727
0.456408928634982
0.953543577766854
-0.606836930946027
-0.04916342907061
0.80517736202257
-1.62333185074914
-0.227390191553107
0.330727272697732
0.667912798382279
-0.288709127886276
0.751392407334738
-1.0458926602894
-1.2135299130524
0.718243680082494
-0.354263118975825
-1.18518837777945
-2.58505851914709
-0.26913306337556
1.08531184319936
0.0374984964587948
0.540314239195024
0.0139878601388608
-0.579341441001104
-0.047045080788825
0.137814152349752
-0.628040032823873
1.42096655633798
2.19253340339722
-0.221252653644525
0.615667238628922
2.64885336873774
1.32837414642102
0.50024587559907
-0.665199894083591
0.207775418371788
1.91316773918807
-0.240883310875159
-0.304479567624064
1.60156280530838
-1.30854355055493
1.55994491600559
-1.81211275451219
-0.328524761062931
-1.23154916089978
-1.45728877581155
-1.32120112627136
-0.676842914981656
0.893098769488219
-1.19650859118566
-0.0623288792834222
-0.747445029836766
-1.71404212885191
-0.225579852332894
0.811721280078705
-0.99242242607137
-0.173545262553729
-1.51539427996343
-0.401284006877205
0.249986977089215
0.0363844939022313
-1.64617163573334
-0.776835543069046
-0.0554081625042004
-0.0120512392976223
-0.358250722354874
1.63552106461024
-1.05254151289049
0.604133476339446
1.96763493470233
0.0665914239814111
-0.445401127315808
-0.213790872859478
0.523162917232328
-0.393114313824111
0.144880066973894
-0.0533911509861859
-1.41319325257949
0.183886787248963
-0.748971607836686
0.974556506934096
-2.0005412969156
0.132601444070611
-0.606962913721633
-0.95876537359466
-0.175117267340617
-0.947033986867711
-2.31253809632077
-0.601022680513019
0.392964608898483
-0.220174681937474
0.411457872162826
1.34261935302618
1.01167688257141
-0.553664903601681
-1.04092307165719
0.213081887438194
0.0300486370043421
-1.09621328635975
-0.365251622848802
0.0391164625720904
0.521334712804935
0.0118286141255541
0.610477036627064
-0.132358566790181
1.12507354724745
-0.392882652110328
0.0720695371262154
0.870541769776833
-1.51175953559908
0.752186129163538
1.38784023766716
-0.0874162347446266
0.439284478562468
-0.335568371658885
-0.0207165082461502
0.552576275652224
0.639540021175285
1.24145448886157
0.632508350051277
-0.0228860899342073
-0.582109256686968
-0.515076872195433
0.79490802219616
-0.540977015071163
-0.467448820563148
-0.825778086561404
-0.291729088374445
0.832164108398373
-0.773424119441436
0.132545890540875
0.536114803888968
1.5490121241038
-0.156982300340194
-1.497513625879
0.803215091758415
-0.435970189782533
0.22145566034412
0.720983969567332
-0.617465539149287
1.19737600443546
0.886328505758206
1.09642993927191
-1.37045878932331
-1.63115054458405
1.43931196326966
-0.206710466484895
-0.290229978193073
1.13161886398247
-0.754235097711759
0.559304066154835
-0.108588996340025
0.833921531534149
-0.929431971721116
0.565926111275591
0.36504032925233
-0.248091045892976
-0.370670551696195
-0.513730106000903
-0.367873937059828
0.17148656268734
-0.235688798287701
0.389889019854898
0.0292073777661224
-0.645888098541169
0.7332113706243
0.341557801331478
-1.16108887012009
0.46882325270507
-0.00761668718334002
-0.455821021633574
-0.320230157898178
-0.337744043559325
-0.486136529410592
-0.140837693763725
-0.487413507976864
0.0769009441624122
1.53155537246174
0.688866607968501
-0.325451052478977
0.478382068370733
0.747821476795283
0.0322639565179011
-2.70663709681053
0.400960970282733
-0.495337454400975
-1.33442715970014
0.105477597768915
-0.0289589024329492
0.680807208415925
-0.74441353011727
1.01217612696812
1.28256484667001
1.83133570623688
0.646802751254617
0.203763884726264
-1.03705169549469
-0.319267685434686
0.461287394845456
0.71817308594053
-0.751504812406228
-0.109471928627616
-0.290776822808465
1.62751205683009
-1.63675354360179
0.702823885507682
1.14967016974943
0.346486146795002
-0.539785319628664
1.66339817262112
0.373339920338557
1.48467304969162
0.461751651359701
0.097711280194237
-1.25716865197149
-1.1015806648777
-0.518860799099039
-0.808188973682983
2.60847294276965
-0.0885132689705619
0.787371057261334
-1.23435390013349
-0.928647717287408
1.17870418356489
-1.85006002669555
-1.58248298328084
1.52192711693359
-0.820538527885683
-0.506577079082211
-0.634004734134278
0.578533085507303
0.641065514064345
-0.517368099368386
1.62036217991111
-0.54110292859509
0.747273955011065
-0.0683601939883617
-0.251225373267366
-0.501884200534135
-0.836768635352014
-0.568885693987011
-1.48297337703721
0.941688734012143
-1.79262303753052
1.28763600295139
1.56348456896715
-0.198530046262905
0.694411755548925
0.237933498392774
-0.487987475177452
0.0454882441399489
-0.877571973979473
0.456151483739273
1.52279062854916
0.444672152316589
0.511084335674983
0.120153850280917
-0.0895532549054422
0.95906933122037
0.459508405720489
-0.0164641248286172
0.322299266441973
1.88237577856048
-0.154880950354919
0.434892227804141
2.32071769105749
0.0882422917568096
-0.506076336068385
-0.316317119613772
-0.242211728409561
0.4083965927733
0.0222384068456953
-1.33203280283811
0.885404150312712
-1.04103656664992
1.02200183859864
-1.41776279792611
-0.812191168171623
0.477364408743361
-0.457561551348761
0.975079978680117
1.06368922766426
-0.0677263623923857
-0.0895764545561544
-1.74905922500737
-1.57398957920525
-0.628249850486615
1.31827655697375
0.0902171163956271
1.76449301440479
0.717901843249647
-0.706989916834295
2.51810298739405
0.071103946780015
-0.382429300718682
-0.417387369687627
0.647541160633323
0.464643261106101
-1.62161610205337
-1.29410465354091
-0.30544024282713
0.316224585988413
-1.75602630969511
0.0704731668904695
0.806452216106692
-1.7637203849753
1.79676477121118
-1.5562322495218
0.419944123517641
-0.359853719868614
0.868942336733992
-0.349847388091314
0.493955433131294
-1.21375785582322
-1.03346302703473
0.239130956251024
0.308187178944377
-0.375512567798292
-1.30550757983597
-1.02559081010315
0.827410323518536
0.30968725725961
1.36223890207863
-0.556152150294052
0.495720483712152
-1.34378237640457
0.872205869425438
-1.64723993956768
1.27519247113178
0.343172701068113
0.759273943849115
0.505748733457197
1.14362754209934
-0.759579149019268
-0.720032275467565
0.611840643498365
-0.394733443967201
-0.132251033999414
-0.791114311524894
0.274292234107208
0.0125693777103966
-0.106130702171576
-0.0795942956761875
-1.07650158079463
1.09637274845885
-0.652152841178716
-0.555278944396155
-0.105998106546289
2.33895094007575
-0.698385030878247
0.77185448465907
0.56796930249797
1.82642401107743
-1.28361160662915
1.11267187579557
-0.825696850766067
0.0655077857830033
-0.846857141375322
-0.470931384069795
-0.54065963257857
0.647965600012857
0.44015160541743
-0.61254961981839
-1.27866268891817
-0.322882529775194
-0.755162082595065
-1.31938518921025
1.64936617249758
0.975721952126594
0.276614475370828
-0.355492940054822
0.490427461847016
-0.168803347106698
-0.799348699845428
-1.02305799160817
1.16583591300855
0.305083723190233
-0.593681042714955
-0.195816158077849
-1.08445142818001
-0.197957343704791
-0.195910408853987
0.375151282854851
-0.56634093020909
1.3267519340571
-1.16608465537305
-0.530847102289253
0.159123896230218
-1.27933450014557
1.30542389982749
0.978012869660952
-0.321136762208883
0.669677885916113
1.02650477330453
0.683766904091275
-0.709385894169915
-1.44156658527922
0.901115316833525
-0.39405476886715
0.636704077684427
-1.22158262675685
0.0437470287492162
-2.03905336274357
0.419793440049776
0.874633988970825
-1.03790086073899
1.69751116688024
-1.255747310088
-1.49785797839777
1.18945886515781
0.723272921518527
0.645517530524252
-0.0833107130042884
-0.0716158387420734
0.714420558304975
0.966179284711027
-2.00712404582364
0.163564654443435
0.184472031087429
-1.08270219962335
0.978081877940016
0.467299457967538
0.62867179918054
1.03607509051391
-0.331597601623427
-1.04627215265981
0.859305165050646
0.0580942384448564
-0.927971559770536
-1.16349765538206
